Prior[0]=0.24617705479451776
Prior[1]=0.24289000000000205
Prior[2]=0.25816000000000205
Prior[3]=0.25277296232876567
